uelsiyablonya-uelsi_01.jpg 215,49,602,418,0
Jonathandownload(1).jpeg 6,94,121,225,0 48,1,162,89,0
uelsiYablonya_Uelsi_2_1000h1000.jpg 313,209,653,626,0 628,242,966,657,0 274,586,610,928,0
uelsiyablonya_uelsi_zimnyaya-900x600.jpg 344,166,869,589,0 119,24,562,416,0
AppleHard4f9d3f3c5799a974.jpg 25,91,584,745,0 445,36,1002,781,0
Jonathanimages.jpeg 33,3,258,189,0
Jonathanimages(6).jpeg 26,76,125,166,0 87,42,168,130,0 141,135,212,210,0
Melbaimages(1).jpeg 53,29,213,181,0
Maccintoshimages(8).jpeg 23,17,214,185,0
Apple2cb9c8efddb5e42f.jpg 254,48,814,648,0
Jonathanimages(3).jpeg 10,14,215,215,0
Maccintosh7ee6e75323c8776f1b4b527bfa35ebe4.jpg 259,171,1518,999,0
Maccintoshdownload(1).jpeg 155,85,416,327,0 38,82,203,253,0
Melba16640270.jpeg 124,103,707,689,0
Apple4cb6c76e449a3675.jpg 198,149,774,690,0
antonovkaimages.jpeg 49,50,191,176,0
Maccintoshimages(5).jpeg 106,50,221,164,0
AppleHarde936ca62513f10b2.jpg 18,21,706,585,0
Apple2b748f85a4fe0eb3.jpg 274,30,592,344,0 362,335,646,616,0 79,562,365,843,0 121,237,429,537,0
Jonathan1523659804_5ad1341c42c4b.jpg 205,100,464,402,0
Jonathanimages(5).jpeg 36,56,142,179,0 135,1,225,86,0 1,135,89,224,0
Melbaimages(10).jpeg 11,110,93,205,0 121,69,224,177,0
Maccintoshimages(6).jpeg 3,6,218,219,0
Jonathan4bd7cd6603667aaaf8c3b6351143baa3.jpg 485,108,1426,920,0
Melbaimage-31129.jpg 744,84,1243,639,0 1017,504,1512,973,0
Apple0da61cd490c57814.jpg 724,185,1016,533,0 153,198,555,537,0 36,25,419,301,0
Melba2239317.jpeg 211,41,435,267,0 8,44,251,267,0
AppleHarddd6a32d6f8679f11.jpg 10,13,882,863,0
AppleHard7f5a30978d018d2f.jpg 105,138,875,752,0
AppleHard4191193b13f43ec9.jpg 4,227,635,999,0
Melba1826683.jpg 122,30,683,542,0
antonovkadownload.jpeg 98,35,201,152,0 26,73,127,204,0
Maccintoshimages(2).jpeg 85,106,186,218,0 34,15,139,107,0 11,128,109,239,0
uelsiimages55(1).jpeg 16,16,144,138,0 67,69,232,208,0
AppleHardddde9539f854c1d6.jpg 80,124,1022,768,0
antonovkaimages(1).jpeg 179,68,252,143,0 183,19,264,97,0 2,20,83,111,0
Jonathanimages(2).jpeg 3,4,223,221,0
Melba21961.jpg 179,55,327,183,0 339,132,485,268,0 205,152,398,307,0 54,175,244,325,0
Apple64afa7b88dc8b6ab.jpg 274,145,760,584,0
uelsiimages.jpeg 116,13,248,121,0 10,14,141,124,0
uelsiborovinka-600x350.jpg 132,8,357,177,0 294,30,500,196,0 219,148,449,336,0
Melbaimages(2).jpeg 46,13,220,163,0
antonovka88.jpg 101,24,379,260,0
uelsidownload.jpeg 110,5,211,105,0 51,38,141,137,0
uelsi2208.jpg 8,116,257,387,0
antonovkaMalus-Antonovka-.jpg 279,77,411,210,0 125,49,246,198,0
antonovka4bd7c522e8a2a38f12f81d058192573723248084.jpg 163,66,386,290,0 398,77,582,297,0 6,305,151,427,0
AppleHard9be9174b13d6d0c7.jpg 3,1,1017,676,0
Maccintoshistockphoto-889780436-612x612.jpg 114,249,303,457,0 3,159,218,369,0 221,384,410,579,0
Melbaimages.jpeg 61,111,115,160,0 56,7,105,77,0 142,87,228,166,0
Jonathan2460.jpg 227,80,504,398,0 562,404,800,654,0 8,202,285,517,0
Apple7ec0563820191541.jpg 93,95,727,702,0
Jonathanimages(1).jpeg 1,10,213,187,0
Melba5253227817.webp 76,171,301,398,0 155,18,362,234,0
AppleHarda84baa836bffe1bf.jpg 229,78,1005,876,0
Apple6f1f794c23e34a75.jpg 54,288,708,930,0
uelsiyablonya-uelsi-1.jpg 370,194,739,606,0 40,155,431,583,0 591,6,956,382,0 208,382,574,745,0
JonathanJonathanCSÁNY11.jpg 82,222,290,466,0 155,105,384,337,0 286,1,530,209,0
Maccintoshimages(7).jpeg 5,2,217,224,0
antonovkaЗимние-сорта-яблонь.jpg 253,116,426,258,0 101,274,245,404,0 191,34,300,143,0
Melbaimage-31135.jpg 285,158,650,559,0 617,182,989,526,0 500,384,806,747,0 48,11,453,422,0
antonovkayab_antonovka.jpg 7,34,201,283,0 278,15,453,224,0 416,39,611,277,0 169,224,411,451,0
Maccintoshimages(1).jpeg 130,43,221,131,0
Jonathan193.png 137,51,451,301,0 442,302,774,556,0 5,235,253,471,0 227,251,549,546,0
Maccintoshruby-mac.jpg 17,127,575,625,0
AppleHardad9a41a222faef4c.jpg 64,204,555,591,0 436,39,896,485,0
Apple1f18f7093bba01cd.jpg 60,218,641,756,0
Maccintoshmcintosh-apple.png 4,9,303,297,0
antonovkayablonya-antonovka-zolotaya_01.jpg 277,79,939,715,0
AppleHard1b8b2f1fc532cc6d.jpg 17,36,721,718,0
uelsiuelsi3.jpg 39,8,202,149,0 76,100,263,244,0
Apple001dd90fc5ae92c9.jpg 171,36,523,346,0 167,284,529,615,0 431,420,841,679,0
AppleHardd063738ddb1cd0b7.jpg 20,90,1011,929,0
uelsiУэлси.jpg 57,34,217,191,0 162,6,304,146,0
AppleHardbb199b34c5805576.jpg 4,333,622,908,0 492,179,1021,731,0
antonovkaosennyaya-yablonya-antonovka-sladkaya.jpg 464,270,682,465,0 724,444,940,675,0 117,221,356,464,0
Apple86cb54fdd7a6e20b.jpg 161,24,937,670,0
Melba2705758.webp 169,6,587,437,0
Maccintoshimages3.jpeg 35,16,255,192,0
uelsiimages(10).jpeg 106,3,233,111,0 34,29,143,136,0
Melba067380517dec5cda91953ec29b158013.jpg 234,39,366,175,0 222,147,401,302,0 239,326,377,479,0
antonovka7667.970.jpg 69,179,397,506,0 314,245,632,557,0 332,7,626,287,0
Maccintoshimages(4).jpeg 90,75,243,195,0
Apple9cdd30e74b74b80f.jpg 185,52,915,720,0
AppleHardec27531967696a52.jpg 4,8,1013,997,0
Melbaimages(3).jpeg 134,71,230,187,0 8,26,103,122,0
Maccintoshmcintosh-apple-tree-800x800_1.jpg 2,214,400,641,0 422,261,772,645,0
Melba52a52a1a41d45eb976d8c943469364a1952a1.jpg 220,5,337,134,0 311,66,421,197,0 118,86,229,187,0 57,140,206,259,0 57,140,206,259,0
Appled063738ddb1cd0b7.jpg 46,102,953,908,0
uelsiimages(1).jpeg 82,54,163,128,0 33,76,118,156,0
Jonathanimages(4).jpeg 11,12,217,214,0
Melba3802031933.jpg 33,34,457,422,0
antonovkaanton_jpg_1392455309.jpg 330,15,570,220,0 82,228,259,380,0
AppleHard4119f258b3d0c39e.jpg 168,17,995,768,0
Jonathanimages-(1).jpeg 55,34,149,121,0 45,133,155,220,0
Apple1aec902b1a6e3dc2.jpg 543,213,871,493,0
Maccintoshjabloki-makintosh.jpg 55,51,529,452,0
uelsiyablonya-uelsi-1-700x329-e1518541660442.jpg 207,21,438,226,0 26,16,246,235,0
Maccintoshdownload.jpeg 160,81,439,344,0 27,77,238,285,0
AppleHard3ae432176001fcca.jpg 5,119,1019,684,0
Melba584.jpg 6,47,327,349,0 266,77,523,322,0
Melba1427438697.jpg 199,53,586,392,0
Appleec27531967696a52.jpg 2,6,1022,996,0
Apple2ec0a7d75406b894.jpg 262,64,899,721,0
Melbaef707a360b95a75a8fc5b9df7819768b.jpg 36,192,307,484,0 250,271,538,544,0
Maccintoshimages.jpeg 19,15,216,201,0
Melbajabloki-melba-1.jpg 182,50,389,237,0 545,81,747,290,0 346,59,544,244,0 8,98,249,316,0
Apple5c9223a2cf0c8536.jpg 183,106,880,681,0
Jonathan51.134.00.jpg 8,8,617,683,0
Maccintoshimages(3).jpeg 52,144,150,237,0 132,59,190,130,0 17,102,98,186,0
antonovka1657_yablonya-obyknovennaya-antonovka.jpg 11,47,214,246,0 398,42,605,262,0 172,241,392,467,0
AppleHard90cca5b0354cd6ec.jpg 334,4,1023,768,0
Apple48c64de65f175030.jpg 104,72,838,713,0
uelsiimages(2).jpeg 4,62,149,199,0
AppleHard736ed0a3406af6c7.jpg 115,29,899,617,0
Jonathandownload.jpeg 1,2,220,230,0
JonathanJonathan-Apple.png 3,4,371,440,0
antonovkaantonovka-yabloki.jpg 107,11,406,268,0 234,173,556,450,0
antonovkadownload(1).jpeg 1,10,100,132,0 96,95,224,218,0
AppleHardd787ca9fb579fc45.jpg 115,3,1022,703,0
uelsiyablonya-uelsi_01.jpg 7,245,396,563,1
Jonathandownload(1).jpeg 3,11,95,108,1
uelsiYablonya_Uelsi_2_1000h1000.jpg 0,2,448,355,1
uelsiyablonya_uelsi_zimnyaya-900x600.jpg 411,6,731,282,1
AppleHard4f9d3f3c5799a974.jpg 360,111,824,693,1
Jonathanimages.jpeg 1,72,136,194,1
Jonathanimages(6).jpeg 4,1,89,85,1 145,1,226,93,1
Melbaimages(1).jpeg 1,2,97,92,1 3,113,103,203,1
Maccintoshimages(8).jpeg 139,4,249,132,1
Apple2cb9c8efddb5e42f.jpg 637,7,1019,406,1
Jonathanimages(3).jpeg 2,60,140,226,1
Maccintosh7ee6e75323c8776f1b4b527bfa35ebe4.jpg 6,6,693,769,1
Maccintoshdownload(1).jpeg 2,184,240,375,1
Melba16640270.jpeg 0,0,300,300,1
Apple4cb6c76e449a3675.jpg 7,6,442,362,1
antonovkaimages.jpeg 136,26,264,166,1
Maccintoshimages(5).jpeg 0,37,125,160,1
AppleHarde936ca62513f10b2.jpg 526,4,1019,536,1
Apple2b748f85a4fe0eb3.jpg 234,769,504,971,1 11,5,272,253,1 4,392,249,652,1 505,5,692,172,1
Jonathan1523659804_5ad1341c42c4b.jpg 395,3,635,247,1
Jonathanimages(5).jpeg 129,107,219,218,1 8,1,105,81,1
Melbaimages(10).jpeg 3,4,113,121,1
Maccintoshimages(6).jpeg 76,78,221,226,1
Jonathan4bd7cd6603667aaaf8c3b6351143baa3.jpg 2,4,775,877,1
Melbaimage-31129.jpg 328,332,942,992,1
Apple0da61cd490c57814.jpg 238,210,743,617,1 780,9,1022,240,1
Melba2239317.jpeg 145,2,348,191,1
AppleHarddd6a32d6f8679f11.jpg 220,325,662,737,1
AppleHard7f5a30978d018d2f.jpg 0,92,458,560,1
AppleHard4191193b13f43ec9.jpg 311,8,766,360,1
Melba1826683.jpg 3,186,324,579,1 527,57,773,396,1
antonovkadownload.jpeg 102,136,212,220,1 5,5,104,98,1
Maccintoshimages(2).jpeg 4,42,97,154,1
uelsiimages55(1).jpeg 128,2,234,130,1
AppleHardddde9539f854c1d6.jpg 4,4,578,562,1
antonovkaimages(1).jpeg 81,1,191,116,1
Jonathanimages(2).jpeg 4,101,133,228,1
Melba21961.jpg 295,3,526,169,1 2,2,236,226,1
Apple64afa7b88dc8b6ab.jpg 2,4,429,404,1
uelsiimages.jpeg 226,63,324,150,1
uelsiborovinka-600x350.jpg 1,95,258,332,1 436,17,594,185,1
Melbaimages(2).jpeg 179,86,263,173,1
antonovka88.jpg 4,91,190,292,1
uelsidownload.jpeg 169,66,272,174,1
uelsi2208.jpg 53,288,264,499,1
antonovkaMalus-Antonovka-.jpg 2,131,202,296,1
antonovka4bd7c522e8a2a38f12f81d058192573723248084.jpg 62,223,223,368,1
AppleHard9be9174b13d6d0c7.jpg 5,8,451,458,1
Maccintoshistockphoto-889780436-612x612.jpg 25,11,199,201,1
Melbaimages.jpeg 1,123,79,181,1 188,42,252,124,1
Jonathan2460.jpg 447,4,803,405,1 4,490,332,794,1
Apple7ec0563820191541.jpg 590,8,1018,499,1
Jonathanimages(1).jpeg 122,97,247,204,1
Melba5253227817.webp 236,191,473,439,1
AppleHarda84baa836bffe1bf.jpg 16,21,582,472,1
Apple6f1f794c23e34a75.jpg 2,567,353,992,1
uelsiyablonya-uelsi-1.jpg 489,442,845,770,1 250,2,512,302,1
JonathanJonathanCSÁNY11.jpg 283,331,546,597,1 1,2,225,256,1
Maccintoshimages(7).jpeg 1,123,124,232,1
antonovkaЗимние-сорта-яблонь.jpg 295,275,488,465,1 3,6,249,252,1
Melbaimage-31135.jpg 9,341,442,770,1 488,21,822,382,1
antonovkayab_antonovka.jpg 352,221,632,481,1
Maccintoshimages(1).jpeg 16,12,220,224,1
Jonathan193.png 356,87,846,530,1 7,8,457,466,1
Maccintoshruby-mac.jpg 338,7,625,299,1 302,240,685,688,1
AppleHardad9a41a222faef4c.jpg 353,101,717,543,1 600,324,1019,676,1
Apple1f18f7093bba01cd.jpg 133,57,596,369,1 73,664,493,996,1
Maccintoshmcintosh-apple.png 41,163,159,303,1
antonovkayablonya-antonovka-zolotaya_01.jpg 1,76,624,743,1
AppleHard1b8b2f1fc532cc6d.jpg 601,7,1021,350,1 160,253,582,585,1
uelsiuelsi3.jpg 187,2,345,141,1
Apple001dd90fc5ae92c9.jpg 62,106,692,626,1 459,44,992,646,1
AppleHardd063738ddb1cd0b7.jpg 597,8,954,390,1 530,552,1003,927,1
uelsiУэлси.jpg 45,12,101,89,1 262,122,372,241,1
AppleHardbb199b34c5805576.jpg 90,4,545,374,1 462,546,902,960,1
antonovkaosennyaya-yablonya-antonovka-sladkaya.jpg 5,419,406,743,1 682,165,979,491,1 172,15,497,299,1
Apple86cb54fdd7a6e20b.jpg 9,8,337,286,1
Melba2705758.webp 55,30,528,381,1
Maccintoshimages3.jpeg 4,0,107,144,1
uelsiimages(10).jpeg 102,46,175,113,1
Melba067380517dec5cda91953ec29b158013.jpg 11,149,287,430,1 359,9,487,197,1
antonovka7667.970.jpg 254,91,571,386,1 13,376,293,603,1
Maccintoshimages(4).jpeg 2,6,129,127,1
Apple9cdd30e74b74b80f.jpg 7,2,491,390,1 567,393,1039,797,1
AppleHardec27531967696a52.jpg 256,11,868,383,1
Melbaimages(3).jpeg 58,93,171,203,1
Maccintoshmcintosh-apple-tree-800x800_1.jpg 323,221,552,526,1 3,4,409,410,1
Melba52a52a1a41d45eb976d8c943469364a1952a1.jpg 196,146,341,249,1 316,3,442,120,1 8,3,157,138,1
Appled063738ddb1cd0b7.jpg 416,203,804,562,1
uelsiimages(1).jpeg 18,62,165,184,1
Jonathanimages(4).jpeg 4,97,144,230,1
Melba3802031933.jpg 1,178,302,475,1
antonovkaanton_jpg_1392455309.jpg 57,40,329,357,1
AppleHard4119f258b3d0c39e.jpg 418,137,721,404,1
Jonathanimages-(1).jpeg 48,35,149,130,1 46,134,153,222,1
Apple1aec902b1a6e3dc2.jpg 108,172,616,658,1 643,372,904,676,1
Maccintoshjabloki-makintosh.jpg 192,132,409,375,1
uelsiyablonya-uelsi-1-700x329-e1518541660442.jpg 412,117,588,288,1
Maccintoshdownload.jpeg 3,3,499,376,1
AppleHard3ae432176001fcca.jpg 18,15,372,288,1
Melba584.jpg 3,3,525,393,1
Melba1427438697.jpg 588,13,883,363,1
Appleec27531967696a52.jpg 436,469,719,761,1
Apple2ec0a7d75406b894.jpg 8,326,398,732,1
Melbaef707a360b95a75a8fc5b9df7819768b.jpg 310,5,585,325,1
Maccintoshimages.jpeg 7,137,124,229,1
Melbajabloki-melba-1.jpg 246,203,497,359,1 507,1,714,138,1
Apple5c9223a2cf0c8536.jpg 2,207,452,682,1
Jonathan51.134.00.jpg 382,229,615,477,1
Maccintoshimages(3).jpeg 4,8,193,225,1
antonovka1657_yablonya-obyknovennaya-antonovka.jpg 11,13,107,106,1 186,112,412,335,1
AppleHard90cca5b0354cd6ec.jpg 10,6,402,334,1 61,366,606,762,1
Apple48c64de65f175030.jpg 4,204,491,714,1
uelsiimages(2).jpeg 24,122,137,241,1
AppleHard736ed0a3406af6c7.jpg 14,4,448,412,1
Jonathandownload.jpeg 0,104,126,223,1
JonathanJonathan-Apple.png 2,210,212,449,1
antonovkaantonovka-yabloki.jpg 344,9,648,239,1 162,388,436,627,1
antonovkadownload(1).jpeg 76,45,158,145,1
AppleHardd787ca9fb579fc45.jpg 11,8,503,491,1
apples-2797257_960_720.jpg 227,113,573,430,0 558,104,823,418,0
Wallpaper-Of-Apples-Gallery-34-Plus-PIC-WPW107203.jpg 369,365,566,608,0 521,443,765,703,0 745,473,949,705,0 649,375,848,546,0 913,370,1149,639,0 1116,381,1311,610,0 1288,384,1415,641,0 29,386,242,639,0 216,411,392,621,0
images11.jpeg 8,7,126,121,0 138,12,259,112,0 134,4,263,124,0 269,1,399,124,0
Original-RGB-images-of-some-defected-apples.png 67,28,502,391,0
images12).jpeg 41,9,243,190,0
26c9b6d96cd923998686b7f4df80f063.jpg 8,98,387,532,0
roberta-sorge-157246-unsplash.jpg 8,98,387,532,0
images10.jpeg 38,21,248,187,0
Ripe-apples.jpg 182,137,482,412,0 395,113,727,397,0
apple-fruits-logo-hd-wallpapers-download.jpg 100,396,740,876,0 497,101,1142,873,0
images.jpeg 81,44,206,177,0
580b57fbd9996e24bc43c11c.png 40,32,382,370,0
apples-wallpaper-download.jpg 489,231,1047,836,0 844,373,1580,972,0
apple-2788599__340.jpg 192,59,307,154,0 348,85,472,204,0 239,209,352,307,0 156,158,267,266,0
beautiful-red-apple-fruitwallpaper-download.jpg 100,108,611,622,0
apple-2788616_960_720.jpg 255,99,714,533,0
photo-1513677785800-9df79ae4b10b.jpeg 103,127,557,586,0 507,198,870,570,0
images13.jpeg 37,7,224,182,0
photo-1520958974714-b9043942694c.jpeg 213,213,677,618,0
apple-1122537__340.jpg 261,36,494,313,0
11570b514b1b914.jpg 46,23,569,577,0
apple-clipart-real-4.jpg 96,23,944,756,0
apples-2797257_960_720.jpg 56,350,374,640,1 58,41,307,296,1 58,41,307,296,1 455,392,733,606,1
Wallpaper-Of-Apples-Gallery-34-Plus-PIC-WPW107203.jpg 262,151,440,357,1 283,635,619,953,1 1002,604,1290,909,1 664,660,923,891,1 37,649,238,893,1 569,261,749,448,1
images11.jpeg 87,12,181,116,1 232,16,325,108,1
Original-RGB-images-of-some-defected-apples.png 20,10,299,179,1 354,294,542,427,1 35,292,193,426,1
images12).jpeg 12,7,90,100,1 169,118,266,199,1
26c9b6d96cd923998686b7f4df80f063.jpg 6,5,244,210,1
roberta-sorge-157246-unsplash.jpg 37,13,1050,987,1
images10.jpeg 17,5,138,133,1
Ripe-apples.jpg 213,413,494,608,1 637,36,839,250,1 556,376,717,532,1
apple-fruits-logo-hd-wallpapers-download.jpg 455,50,917,379,1 117,146,336,435,1 327,551,490,679,1
images.jpeg 171,20,242,120,1 10,34,79,89,1
580b57fbd9996e24bc43c11c.png 92,260,285,386,1
apples-wallpaper-download.jpg 69,97,721,720,1
apple-2788599__340.jpg 35,21,177,150,1 319,208,426,330,1
beautiful-red-apple-fruitwallpaper-download.jpg 11,20,343,242,1
apple-2788616_960_720.jpg 613,199,902,533,1 24,19,368,406,1
photo-1513677785800-9df79ae4b10b.jpeg 11,407,206,613,1 788,463,983,649,1
images13.jpeg 156,89,255,183,1
photo-1520958974714-b9043942694c.jpeg 578,212,987,645,1
apple-1122537__340.jpg 94,4,287,197,1
11570b514b1b914.jpg 377,114,584,376,1
apple-clipart-real-4.jpg 5,7,307,319,1
