ad9a41a222faef4c.jpg 472,39,879,519,0 58,176,575,590,0
f6c81c8d321c0f60.jpg 49,44,782,799,0
ec27531967696a52.jpg 6,6,1001,999,0
c87e54bfeae26632.jpg 328,231,597,497,0 558,522,915,786,0 725,298,960,554,0 608,153,853,425,0 106,273,386,570,0 24,455,301,720,0 24,455,301,720,0
597f27f1d0bb088a.jpg 3,5,708,735,0
89fe933a24a773ce.jpg 195,12,455,245,0 427,33,655,264,0 579,169,779,353,0
592180124eb246e1.jpg 110,10,943,750,0
a5e04767fb8b0afa.jpg 249,517,454,712,0 381,422,545,586,0 490,598,727,774,0
504eaba8aead7bd8.jpg 187,235,575,636,0 445,437,751,823,0 85,570,508,970,0
dd6a32d6f8679f11.jpg 46,21,838,855,0
a84baa836bffe1bf.jpg 238,89,982,880,0 71,455,547,903,0
d787ca9fb579fc45.jpg 131,5,1013,701,0
57783c2ab99d0ede.jpg 326,74,761,529,0 14,283,459,729,0
fd8b8c4a44f6e485.jpg 177,256,538,620,0
ab4a45d68690aa0e.jpg 135,141,645,573,0
7f5a30978d018d2f.jpg 106,139,915,764,0
10628bb9eeafafbb.jpg 348,3,883,437,0 589,345,1005,708,0 337,376,712,728,0 121,254,470,536,0
8b072310e73add00.jpg 184,264,475,553,0 203,498,556,869,0
d5fd0e5c203daa2c.jpg 295,160,427,304,0 294,392,481,535,0 396,61,556,221,0 659,244,841,380,0
d063738ddb1cd0b7.jpg 82,110,948,915,0
f3ccf9ab2789bd9c.jpg 46,50,582,617,0 590,77,1015,551,0
86cb54fdd7a6e20b.jpg 172,32,854,663,0
9cdd30e74b74b80f.jpg 185,66,864,702,0
4119f258b3d0c39e.jpg 182,36,947,732,0
7f015366e5da07a6.jpg 444,93,1007,592,0 201,247,681,684,0
2f7a596e42ad0bbc.jpg 91,262,521,640,0
3ee1b0da78f43975.jpg 185,516,485,810,0
540086171975bca2.jpg 254,184,440,357,0
ff5fd9c3c624b7dc.jpg 147,123,623,535,0 380,390,840,775,0 6,409,403,776,0
580308b950c6d0eb.jpg 269,104,578,393,0
3c32f587f2c8cfae.jpg 300,87,693,481,0 693,315,962,565,0
c6d837e74eccd9a0.jpg 115,55,852,662,0
62d100326bad961a.jpg 10,105,347,444,0 629,376,1008,747,0 300,5,561,222,0 591,7,944,357,0 233,304,534,599,0 497,251,735,477,0
e936ca62513f10b2.jpg 17,17,734,640,0
c097b6e1ae80fc02.jpg 14,332,760,998,0
13628bbfec1fe2c3.jpg 187,217,513,566,0
bb199b34c5805576.jpg 10,333,617,882,0 511,194,1013,700,0
489785870d3d99fd.jpg 88,146,913,859,0
64afa7b88dc8b6ab.jpg 786,572,786,572,0
3ae432176001fcca.jpg 5,154,1016,678,0
410690d34ff17eb4.jpg 256,2,640,321,0 4,96,233,483,0
4f9d3f3c5799a974.jpg 25,56,578,715,0 464,50,1001,781,0
48c64de65f175030.jpg 130,66,886,744,0
1b8b2f1fc532cc6d.jpg 12,39,751,724,0
8b8e4fd1f51c249d.jpg 456,286,1003,795,0 5,168,549,811,0
ca9208c1fe502edb.jpg 344,149,753,597,0
1124df73ba9c7557.jpg 782,206,1021,664,0
9ebc4544e2ef3c0c.jpg 289,456,586,743,0
639d975913a1aa8c.jpg 748,111,1015,627,0
739da9eb562b910c.jpg 135,452,281,566,0 57,527,202,646,0 168,532,302,650,0
ab14b3edc8b7f481.jpg 517,301,1025,888,0 2,315,646,998,0
096ca56a5c51f6d6.jpg 85,203,651,665,0 355,7,898,394,0
38ad44fc3223245e.jpg 271,121,703,575,0
9be9174b13d6d0c7.jpg 7,13,1016,676,0
f7eb33eb65f8e3c0.jpg 255,88,719,639,0
14a15a80b628f709.jpg 21,215,696,868,0
90cca5b0354cd6ec.jpg 329,18,1020,757,0
d529ce0981e9e0bd.jpg 352,73,856,533,0
736ed0a3406af6c7.jpg 122,30,900,611,0
12fb96c87a65c542.jpg 78,93,712,738,0
a553673e64f737e9.jpg 635,463,770,606,0
cfe6cb38a72a4397.jpg 6,2,653,690,0
5bed6fc231e0168f.jpg 169,10,836,610,0
b1a6096b82680b08.jpg 251,34,1005,732,0
ddde9539f854c1d6.jpg 86,175,1017,763,0
c7d1b8d77ca90b86.jpg 96,50,383,312,0 627,47,933,308,0
a741179a0cf5aab0.jpg 623,1,1013,373,0
368b586beec4c1a4.jpg 223,117,772,668,0
1843a54af7b109e3.jpg 487,98,998,657,0 44,68,592,569,0
93b8c2d62b4e602c.jpg 514,140,926,546,0 154,187,627,626,0
75bf4fe9b26565e9.jpg 459,241,969,700,0 136,347,721,818,0
4191193b13f43ec9.jpg 9,261,595,994,0
44749496c016708d.jpg 454,196,1010,804,0
