ad9a41a222faef4c.jpg 102,102,562,562,0 102,204,562,664,0 306,0,971,665,0
f6c81c8d321c0f60.jpg 0,0,819,819,0 102,0,921,819,0 204,0,1023,819,0
ec27531967696a52.jpg 0,0,819,819,0 0,102,819,921,0 102,0,921,819,0 102,204,921,1023,0 204,0,1023,819,0 204,102,1023,921,0 204,204,1023,1023,0
c87e54bfeae26632.jpg 612,510,868,766,0 714,306,970,562,0 0,0,665,665,0 0,102,665,767,0 102,102,767,767,0
597f27f1d0bb088a.jpg 510,306,970,766,0 0,0,665,665,0 0,102,665,767,0 102,0,767,665,0
89fe933a24a773ce.jpg 612,714,868,970,0 0,0,819,819,0 0,102,819,921,0
592180124eb246e1.jpg 102,0,767,665,0 102,102,767,767,0 204,0,869,665,0 204,102,869,767,0 306,0,971,665,0 306,102,971,767,0
a5e04767fb8b0afa.jpg 102,102,767,767,0 204,0,869,665,0 204,102,869,767,0 306,0,971,665,0 306,102,971,767,0
504eaba8aead7bd8.jpg 306,0,766,460,0 0,204,665,869,0 0,306,665,971,0 102,204,767,869,0
dd6a32d6f8679f11.jpg 0,0,819,819,0 0,102,819,921,0 0,204,819,1023,0
a84baa836bffe1bf.jpg 0,102,819,921,0 102,0,921,819,0 102,102,921,921,0 204,0,1023,819,0 204,102,1023,921,0
d787ca9fb579fc45.jpg 0,408,256,664,0 102,0,767,665,0 204,0,869,665,0 306,0,971,665,0
57783c2ab99d0ede.jpg 0,0,345,345,0 380,228,725,573,0 380,304,725,649,0 0,228,499,727,0 228,0,727,499,0
fd8b8c4a44f6e485.jpg 612,0,868,256,0 714,204,970,460,0 714,306,970,562,0 0,0,665,665,0 0,102,665,767,0 102,0,767,665,0 102,102,767,767,0 204,102,869,767,0
ab4a45d68690aa0e.jpg 0,306,256,562,0 204,102,664,562,0
7f5a30978d018d2f.jpg 102,0,921,819,0
10628bb9eeafafbb.jpg 102,204,358,460,0 204,306,664,766,0 306,306,766,766,0 510,306,970,766,0 306,0,971,665,0
8b072310e73add00.jpg 204,306,460,562,0 0,408,460,868,0 204,408,664,868,0 204,510,664,970,0
d5fd0e5c203daa2c.jpg 306,102,562,358,0 408,408,664,664,0 510,102,766,358,0 0,204,460,664,0 102,204,562,664,0
d063738ddb1cd0b7.jpg 0,0,819,819,0 0,102,819,921,0 102,0,921,819,0 102,102,921,921,0 204,0,1023,819,0 204,102,1023,921,0
f3ccf9ab2789bd9c.jpg 510,102,970,562,0 0,0,665,665,0 0,102,665,767,0 102,0,767,665,0 102,102,767,767,0
86cb54fdd7a6e20b.jpg 204,0,869,665,0
9cdd30e74b74b80f.jpg 102,102,767,767,0 204,0,869,665,0 204,102,869,767,0 306,102,971,767,0
4119f258b3d0c39e.jpg 102,0,767,665,0 204,0,869,665,0 306,0,971,665,0
7f015366e5da07a6.jpg 0,0,256,256,0 0,408,256,664,0 0,714,256,970,0 204,0,460,256,0 204,204,664,664,0 204,306,664,766,0 204,510,664,970,0 408,0,868,460,0 408,102,868,562,0 510,102,970,562,0
2f7a596e42ad0bbc.jpg 408,408,664,664,0 102,102,562,562,0 102,204,562,664,0 510,0,970,460,0 510,102,970,562,0
3ee1b0da78f43975.jpg 0,0,665,665,0 0,306,665,971,0
540086171975bca2.jpg 0,102,665,767,0 0,204,665,869,0
ff5fd9c3c624b7dc.jpg 0,0,460,460,0 0,306,460,766,0 102,0,562,460,0 102,102,562,562,0 204,102,869,767,0 306,0,971,665,0 306,102,971,767,0
580308b950c6d0eb.jpg 510,0,766,256,0 510,102,766,358,0 510,204,766,460,0 204,102,664,562,0
3c32f587f2c8cfae.jpg 102,204,358,460,0 510,408,766,664,0 612,204,868,460,0 714,408,970,664,0 306,102,766,562,0
c6d837e74eccd9a0.jpg 204,0,664,460,0 306,102,766,562,0 408,102,868,562,0
62d100326bad961a.jpg 0,102,256,358,0 0,204,256,460,0 102,102,358,358,0 306,0,562,256,0 612,510,868,766,0 714,510,970,766,0 102,204,562,664,0 204,204,664,664,0 408,204,868,664,0 510,0,970,460,0
e936ca62513f10b2.jpg 0,0,665,665,0 102,0,767,665,0
c097b6e1ae80fc02.jpg 0,306,665,971,0 102,306,767,971,0
13628bbfec1fe2c3.jpg 0,306,256,562,0 204,306,460,562,0
bb199b34c5805576.jpg 408,204,868,664,0 510,102,970,562,0 510,204,970,664,0 510,306,970,766,0 0,204,819,1023,0
489785870d3d99fd.jpg 0,0,819,819,0 0,102,819,921,0 0,204,819,1023,0 102,0,921,819,0 102,102,921,921,0 102,204,921,1023,0
64afa7b88dc8b6ab.jpg 102,0,767,665,0 204,0,869,665,0 306,0,971,665,0
3ae432176001fcca.jpg 102,0,358,256,0 102,204,562,664,0 204,0,869,665,0 306,0,971,665,0
410690d34ff17eb4.jpg 0,204,256,460,0 0,510,256,766,0 714,0,970,256,0 102,204,562,664,0 102,306,562,766,0 204,0,664,460,0 204,204,664,664,0 204,306,664,766,0 306,102,971,767,0
4f9d3f3c5799a974.jpg 714,510,970,766,0 408,306,868,766,0 510,0,970,460,0 510,102,970,562,0 0,0,665,665,0
48c64de65f175030.jpg 0,102,665,767,0 102,0,767,665,0 102,102,767,767,0 204,0,869,665,0 204,102,869,767,0 306,0,971,665,0 306,102,971,767,0
1b8b2f1fc532cc6d.jpg 0,0,665,665,0 102,0,767,665,0 204,0,869,665,0
8b8e4fd1f51c249d.jpg 102,306,562,766,0 204,0,1023,819,0 204,102,1023,921,0 204,204,1023,1023,0
ca9208c1fe502edb.jpg 714,0,970,256,0 0,0,460,460,0 204,0,869,665,0
1124df73ba9c7557.jpg 0,204,460,664,0 102,0,767,665,0 204,0,869,665,0
9ebc4544e2ef3c0c.jpg 0,204,665,869,0 0,306,665,971,0
639d975913a1aa8c.jpg 612,102,868,358,0 0,204,460,664,0 102,0,767,665,0
739da9eb562b910c.jpg 0,408,256,664,0 102,0,358,256,0 102,204,358,460,0 510,102,766,358,0 510,408,766,664,0 714,408,970,664,0
ab14b3edc8b7f481.jpg 612,612,868,868,0 0,408,460,868,0 204,408,664,868,0 204,510,664,970,0 510,306,970,766,0 306,0,971,665,0 0,0,819,819,0
096ca56a5c51f6d6.jpg 612,306,868,562,0 714,306,970,562,0 0,204,460,664,0 102,204,562,664,0 204,204,664,664,0 510,0,970,460,0
38ad44fc3223245e.jpg 102,0,358,256,0 714,102,970,358,0 0,306,460,766,0 306,102,766,562,0
9be9174b13d6d0c7.jpg 0,0,665,665,0 102,0,767,665,0 204,0,869,665,0 306,0,971,665,0
f7eb33eb65f8e3c0.jpg 0,0,665,665,0 102,0,767,665,0 102,102,767,767,0 204,0,869,665,0 204,102,869,767,0 306,0,971,665,0 306,102,971,767,0
14a15a80b628f709.jpg 0,0,256,256,0 102,0,358,256,0 306,0,562,256,0 0,204,665,869,0 0,306,665,971,0
90cca5b0354cd6ec.jpg 0,0,256,256,0 0,510,256,766,0 204,0,460,256,0 714,0,970,256,0 0,204,460,664,0 306,102,971,767,0
d529ce0981e9e0bd.jpg 204,0,869,665,0 306,0,971,665,0
736ed0a3406af6c7.jpg 102,0,767,665,0 204,0,869,665,0 306,0,971,665,0
12fb96c87a65c542.jpg 510,306,970,766,0 0,0,819,819,0 102,0,921,819,0
a553673e64f737e9.jpg 204,0,869,665,0
cfe6cb38a72a4397.jpg 0,0,665,665,0 102,0,767,665,0
5bed6fc231e0168f.jpg 102,0,767,665,0 204,0,869,665,0 306,0,971,665,0
b1a6096b82680b08.jpg 204,0,869,665,0 306,0,971,665,0
ddde9539f854c1d6.jpg 714,204,970,460,0 0,306,460,766,0 102,306,562,766,0 204,306,664,766,0 306,0,766,460,0 510,306,970,766,0
c7d1b8d77ca90b86.jpg 612,0,868,256,0 0,0,460,460,0 0,102,819,921,0 102,102,921,921,0 204,102,1023,921,0
a741179a0cf5aab0.jpg 0,0,665,665,0 102,0,767,665,0 204,0,869,665,0 306,0,971,665,0
368b586beec4c1a4.jpg 204,0,869,665,0
1843a54af7b109e3.jpg 408,204,868,664,0 510,102,970,562,0 0,0,665,665,0
93b8c2d62b4e602c.jpg 510,0,970,460,0 510,102,970,562,0 510,204,970,664,0 0,0,665,665,0 102,0,767,665,0
75bf4fe9b26565e9.jpg 0,204,819,1023,0 102,204,921,1023,0 204,0,1023,819,0 204,102,1023,921,0 204,204,1023,1023,0
4191193b13f43ec9.jpg 0,204,665,869,0 0,306,665,971,0
44749496c016708d.jpg 0,510,256,766,0 0,612,256,868,0 0,204,460,664,0 102,102,562,562,0 204,0,664,460,0 204,204,1023,1023,0
